3.34375
7.90625
8.625
5.46875
12.375
12.78125
6.484375
12.46875
12.59375
6.203125
11.65625
10.8125
4.75
9
8.78125
8.40625
7.90625
7.03125
2.53125
4.90625
3.84375
1.078125
1.28125
1
0.2890625
2.0625
2.9375
1.5
2.90625
2.8125
1.453125
2.75
2.09375
1.46875
0.96875
1.1875
0
0.875
0.8125
0.375
0.78125
1.375
0.671875
1.5
1.21875
0.75
1.0625
0.59375
0.171875
0.9375
2.09375
2.96875
4.71875
5.9375
5.40625
12.6875
13.90625
8.109375
16.625
17.40625
4.8828125
19.59375
18.96875
8.734375
16.90625
16.65625
7.90625
15.15625
14.34375
13.1875
11.5625
9.9375
3.328125
4.9375
4.375
1.203125
